7733
5699
1630
8367
5232
788
4212
4563
489
1240
7711
7636
4958
4885
9103
3756
5237
1125
5458
4778
1538
145
6468
3855
5316
6736
1637
5832
808
6573
1856
8787
5739
4356
1937
8619
8318
5853
3696
1121
6456
9387
6010
5317
2692
1062
4044
9961
8727
338
4683
3233
9630
7816
1649
2394
9062
8377
8235
5984
7783
6466
8331
1534
1006
6526
3116
3989
7173
3351
4602
8154
3646
4152
8425
2652
3907
793
6278
6415
1864
4132
5867
6467
8271
7810
7587
9860
3073
8667
8718
2057
4597
6520
5998
9545
9979
8225
8817
8466
6309
9739
2529
5759
6825
6355
8439
323
558
8577
6179
2107
636
5715
2223
5293
5425
574
5420
9255
7594
3158
9708
4496
9289
5943
8586
3840
3666
5553
5515
7125
9816
5746
61
496
4303
65
6743
2505
5446
14
4870
5630
7865
9742
2532
6777
3466
8427
5976
4462
45
7011
5784
5169
2971
5731
165
8841
9686
8705
9050
7840
9433
804
7775
8404
3441
7142
7953
6583
4069
5949
91
1544
8165
4952
1164
1785
8332
2909
889
5942
1223
9044
5737
4547
610
4818
8447
4932
1656
1277
3251
143
6574
5538
93
726
4072
7000
2874
5360
3661
6455
7498
137
75
402
7263
7915
3783
8131
5349
1614
2654
9856
3939
8938
9095
1577
1307
2776
8178
5812
3809
1127
1935
9182
6094
1664
6601
3273
3558
9365
7069
3314
3760
6795
6261
1932
7753
670
3629
3196
1378
5928
9406
7977
3505
958
4198
6135
3822
8008
2026
1417
9078
9593
5517
2990
3974
5878
1241
3143
7717
6458
3580
3063
6631
8370
4174
4678
9407
4990
3637
8385
5367
5946
2888
8753
9940
8714
7727
3450
5806
9671
2877
1565
9917
5934
7175
1925
9117
342
9817
7528
9204
368
3279
5452
1622
1875
4032
9522
7607
2739
9852
6111
4016
7305
7931
4804
2842
623
2457
4391
5126
1199
9279
6793
7635
6365
6697
3199
1995
7300
8503
6621
3369
8396
9215
2661
7474
256
3520
2977
8565
806
4901
9612
2138
8707
3106
2437
317
9896
9582
6411
8349
3353
7155
276
7933
4613
4811
7087
9073
2048
1777
6105
1061
1966
796
1567
7863
6270
3259
969
526
2999
8456
7710
2765
4596
4326
6561
8800
3736
4643
6112
5758
492
386
3102
1915
1143
4355
9432
7592
590
3510
3841
252
6420
9878
1658
7094
7519
6757
6387
7869
2892
5080
8253
5004
3877
5402
5554
2267
4769
2341
4075
9638
7957
8080
8644
7095
9090
1151
9749
7445
7360
4968
8557
7203
9344
8379
9754
6410
7225
147
9653
567
4724
4535
7473
2299
2161
9632
3444
7500
5786
2266
4436
9957
9244
9932
5992
5777
4965
1871
4205
8837
3667
4466
6058
9591
4523
9990
3565
1553
6204
4814
2396
7807
5257
6799
3898
4150
9736
2354
4429
3878
1721
5281
9508
7440
4615
6878
9189
9608
34
1300
6846
9211
4034
8386
3957
3344
8741
6602
5885
4744
2111
6433
7188
3949
4424
